0 0.4266826923076923 0.43028846153846156 0.40625 0.3701923076923077
0 0.7980769230769231 0.4375 0.15384615384615385 0.3076923076923077
0 0.5889423076923077 0.4831730769230769 0.27884615384615385 0.4230769230769231
0 0.921875 0.5492788461538461 0.15144230769230768 0.31009615384615385
0 0.1310096153846154 0.6045673076923077 0.24278846153846154 0.22355769230769232
0 0.3581730769230769 0.7235576923076923 0.36538461538461536 0.20192307692307693
0 0.7487980769230769 0.7596153846153846 0.23798076923076922 0.34134615384615385
0 0.15985576923076922 0.8076923076923077 0.2956730769230769 0.18269230769230768
0 0.4675480769230769 0.890625 0.31490384615384615 0.17067307692307693
0 0.46033653846153844 0.15384615384615385 0.12259615384615384 0.3076923076923077
0 0.6850961538461539 0.15985576923076922 0.34615384615384615 0.25240384615384615
0 0.2956730769230769 0.20072115384615385 0.19230769230769232 0.3629807692307692
0 0.11298076923076923 0.2764423076923077 0.1875 0.3317307692307692